<svg xmlns="http://www.w3.org/2000/svg" width="40" height="40" viewBox="0 0 40 40">
  <defs>
    <style>
      .cls-1 {
        fill: #f48b20;
      }

      .cls-1, .cls-3 {
        fill-rule: evenodd;
      }

      .cls-2, .cls-3 {
        fill: #737373;
      }
    </style>
  </defs>
  <path id="Forma_1" data-name="Forma 1" class="cls-1" d="M21.549,38.281a3.8,3.8,0,0,0,6.531-.288,5.07,5.07,0,0,0,6.061-3.8,3.728,3.728,0,0,0,2.666-3.549,3.572,3.572,0,0,0-.343-1.529,5,5,0,0,0,3.53-4.736,4.945,4.945,0,0,0-2.621-4.356,3.019,3.019,0,0,0-.231-1.968,5.466,5.466,0,0,0,.939-3.071A5.579,5.579,0,0,0,35.511,10.3a2.619,2.619,0,0,0,.021-0.332A3.073,3.073,0,0,0,34.257,7.5c0-.011,0-0.022,0-0.033a5,5,0,0,0-3.765-4.807,5.1,5.1,0,0,0-8.944-.04M18.322,28.136a0.6,0.6,0,0,0-1.2,0M20.952,4.958V16.4m0,2.967V36.279"/>
  <rect class="cls-2" x="16.563" y="3.531" width="3.094" height="33.875"/>
  <path id="Forma_1_copy" data-name="Forma 1 copy" class="cls-3" d="M17.4,37.733A3.562,3.562,0,0,1,11.27,37.4a4.777,4.777,0,0,1-5.733-3.651,3.572,3.572,0,0,1-2.522-3.408,3.472,3.472,0,0,1,.324-1.467,4.766,4.766,0,0,1-.86-8.729A2.939,2.939,0,0,1,2.7,18.251,5.3,5.3,0,0,1,1.809,15.3,5.375,5.375,0,0,1,4.24,10.811a2.572,2.572,0,0,1-.02-0.319A2.965,2.965,0,0,1,5.427,8.118c0-.01,0-0.021,0-0.031A4.788,4.788,0,0,1,8.987,3.472a4.783,4.783,0,0,1,8.409-.12v34.38Zm-0.514-18.22a3.055,3.055,0,0,0-4.757-2.526,0.566,0.566,0,0,1-.692-0.046,1.841,1.841,0,0,0-1.221-.472,0.564,0.564,0,1,1,0-1.127,2.954,2.954,0,0,1,1.635.5,4.189,4.189,0,0,1,5.035.826V5.681a3.655,3.655,0,0,0-6.989-1.49,0.565,0.565,0,0,1-.4.322A3.656,3.656,0,0,0,6.557,8.087c0,0.089.007,0.182,0.015,0.282a0.563,0.563,0,0,1-.283.533,1.823,1.823,0,0,0-.921,1.347,5.4,5.4,0,0,1,5.873,1.5,0.565,0.565,0,0,1-.848.746,4.267,4.267,0,0,0-5.24-.918l-0.01.006a4.249,4.249,0,0,0-2.2,3.72,4.2,4.2,0,0,0,.874,2.569,0.563,0.563,0,0,1,.026.647,1.819,1.819,0,0,0-.154,1.7,0.563,0.563,0,0,1-.3.737A3.641,3.641,0,0,0,4.3,27.934a0.566,0.566,0,0,1,.239.091,0.56,0.56,0,0,1,.243-0.055A3.634,3.634,0,0,0,7.4,26.875a0.567,0.567,0,0,1,.8-0.008c0.013,0.014.026,0.027,0.038,0.041a0.562,0.562,0,0,1,.181.535,2.449,2.449,0,1,0,4.85.49,0.565,0.565,0,0,1,1.131,0,3.58,3.58,0,0,1-7.127.476,4.761,4.761,0,0,1-2.482.69,0.564,0.564,0,0,1-.251-0.059,2.381,2.381,0,0,0-.389,1.3,2.443,2.443,0,0,0,1.991,2.4,0.565,0.565,0,0,1,.455.482,3.646,3.646,0,0,0,4.816,2.97,0.566,0.566,0,0,1,.72.35,2.443,2.443,0,0,0,4.756-.786V19.513Z"/>
  <path id="Forma_1_copy_2" data-name="Forma 1 copy 2" class="cls-3" d="M18.432,37.733A3.562,3.562,0,0,1,12.3,37.4a4.777,4.777,0,0,1-5.733-3.651,3.572,3.572,0,0,1-2.522-3.408,3.471,3.471,0,0,1,.324-1.467,4.766,4.766,0,0,1-.86-8.729,2.939,2.939,0,0,1,.218-1.889A5.3,5.3,0,0,1,2.843,15.3a5.375,5.375,0,0,1,2.432-4.492,2.574,2.574,0,0,1-.02-0.319A2.966,2.966,0,0,1,6.461,8.118c0-.01,0-0.021,0-0.031a4.788,4.788,0,0,1,3.561-4.615,4.783,4.783,0,0,1,8.41-.12v34.38Zm-0.514-18.22a3.055,3.055,0,0,0-4.757-2.526,0.566,0.566,0,0,1-.692-0.046,1.841,1.841,0,0,0-1.221-.472,0.564,0.564,0,1,1,0-1.127,2.955,2.955,0,0,1,1.635.5,4.189,4.189,0,0,1,5.035.826V5.681a3.655,3.655,0,0,0-6.989-1.49,0.565,0.565,0,0,1-.4.322A3.656,3.656,0,0,0,7.592,8.087c0,0.089.007,0.182,0.015,0.282a0.563,0.563,0,0,1-.283.533A1.823,1.823,0,0,0,6.4,10.248a5.4,5.4,0,0,1,5.873,1.5,0.565,0.565,0,0,1-.848.746,4.267,4.267,0,0,0-5.24-.918l-0.01.006a4.249,4.249,0,0,0-2.2,3.72,4.2,4.2,0,0,0,.874,2.569,0.563,0.563,0,0,1,.026.647,1.819,1.819,0,0,0-.154,1.7,0.563,0.563,0,0,1-.3.737,3.641,3.641,0,0,0,.924,6.976,0.566,0.566,0,0,1,.239.091,0.56,0.56,0,0,1,.243-0.055,3.634,3.634,0,0,0,2.611-1.095,0.567,0.567,0,0,1,.8-0.008c0.013,0.014.026,0.027,0.038,0.041a0.562,0.562,0,0,1,.181.535,2.449,2.449,0,1,0,4.85.49,0.565,0.565,0,0,1,1.13,0,3.58,3.58,0,0,1-7.127.476,4.761,4.761,0,0,1-2.482.69,0.564,0.564,0,0,1-.251-0.059,2.381,2.381,0,0,0-.389,1.3,2.443,2.443,0,0,0,1.991,2.4,0.565,0.565,0,0,1,.455.482,3.646,3.646,0,0,0,4.816,2.97,0.566,0.566,0,0,1,.72.35,2.443,2.443,0,0,0,4.756-.786V19.513Z"/>
  <path id="Forma_1_copy_5" data-name="Forma 1 copy 5" class="cls-3" d="M18.432,37.733A3.562,3.562,0,0,1,12.3,37.4a4.777,4.777,0,0,1-5.733-3.651,3.572,3.572,0,0,1-2.522-3.408,3.471,3.471,0,0,1,.324-1.467,4.766,4.766,0,0,1-.86-8.729,2.939,2.939,0,0,1,.218-1.889A5.3,5.3,0,0,1,2.843,15.3a5.375,5.375,0,0,1,2.432-4.492,2.574,2.574,0,0,1-.02-0.319A2.966,2.966,0,0,1,6.461,8.118c0-.01,0-0.021,0-0.031a4.788,4.788,0,0,1,3.561-4.615,4.783,4.783,0,0,1,8.41-.12v34.38Zm-0.514-18.22a3.055,3.055,0,0,0-4.757-2.526,0.566,0.566,0,0,1-.692-0.046,1.841,1.841,0,0,0-1.221-.472,0.564,0.564,0,1,1,0-1.127,2.955,2.955,0,0,1,1.635.5,4.189,4.189,0,0,1,5.035.826V5.681a3.655,3.655,0,0,0-6.989-1.49,0.565,0.565,0,0,1-.4.322A3.656,3.656,0,0,0,7.592,8.087c0,0.089.007,0.182,0.015,0.282a0.563,0.563,0,0,1-.283.533A1.823,1.823,0,0,0,6.4,10.248a5.4,5.4,0,0,1,5.873,1.5,0.565,0.565,0,0,1-.848.746,4.267,4.267,0,0,0-5.24-.918l-0.01.006a4.249,4.249,0,0,0-2.2,3.72,4.2,4.2,0,0,0,.874,2.569,0.563,0.563,0,0,1,.026.647,1.819,1.819,0,0,0-.154,1.7,0.563,0.563,0,0,1-.3.737,3.641,3.641,0,0,0,.924,6.976,0.566,0.566,0,0,1,.239.091,0.56,0.56,0,0,1,.243-0.055,3.634,3.634,0,0,0,2.611-1.095,0.567,0.567,0,0,1,.8-0.008c0.013,0.014.026,0.027,0.038,0.041a0.562,0.562,0,0,1,.181.535,2.449,2.449,0,1,0,4.85.49,0.565,0.565,0,0,1,1.13,0,3.58,3.58,0,0,1-7.127.476,4.761,4.761,0,0,1-2.482.69,0.564,0.564,0,0,1-.251-0.059,2.381,2.381,0,0,0-.389,1.3,2.443,2.443,0,0,0,1.991,2.4,0.565,0.565,0,0,1,.455.482,3.646,3.646,0,0,0,4.816,2.97,0.566,0.566,0,0,1,.72.35,2.443,2.443,0,0,0,4.756-.786V19.513Z"/>
  <path id="Forma_1_copy_6" data-name="Forma 1 copy 6" class="cls-3" d="M18.432,37.733A3.562,3.562,0,0,1,12.3,37.4a4.777,4.777,0,0,1-5.733-3.651,3.572,3.572,0,0,1-2.522-3.408,3.471,3.471,0,0,1,.324-1.467,4.766,4.766,0,0,1-.86-8.729,2.939,2.939,0,0,1,.218-1.889A5.3,5.3,0,0,1,2.843,15.3a5.375,5.375,0,0,1,2.432-4.492,2.574,2.574,0,0,1-.02-0.319A2.966,2.966,0,0,1,6.461,8.118c0-.01,0-0.021,0-0.031a4.788,4.788,0,0,1,3.561-4.615,4.783,4.783,0,0,1,8.41-.12v34.38Zm-0.514-18.22a3.055,3.055,0,0,0-4.757-2.526,0.566,0.566,0,0,1-.692-0.046,1.841,1.841,0,0,0-1.221-.472,0.564,0.564,0,1,1,0-1.127,2.955,2.955,0,0,1,1.635.5,4.189,4.189,0,0,1,5.035.826V5.681a3.655,3.655,0,0,0-6.989-1.49,0.565,0.565,0,0,1-.4.322A3.656,3.656,0,0,0,7.592,8.087c0,0.089.007,0.182,0.015,0.282a0.563,0.563,0,0,1-.283.533A1.823,1.823,0,0,0,6.4,10.248a5.4,5.4,0,0,1,5.873,1.5,0.565,0.565,0,0,1-.848.746,4.267,4.267,0,0,0-5.24-.918l-0.01.006a4.249,4.249,0,0,0-2.2,3.72,4.2,4.2,0,0,0,.874,2.569,0.563,0.563,0,0,1,.026.647,1.819,1.819,0,0,0-.154,1.7,0.563,0.563,0,0,1-.3.737,3.641,3.641,0,0,0,.924,6.976,0.566,0.566,0,0,1,.239.091,0.56,0.56,0,0,1,.243-0.055,3.634,3.634,0,0,0,2.611-1.095,0.567,0.567,0,0,1,.8-0.008c0.013,0.014.026,0.027,0.038,0.041a0.562,0.562,0,0,1,.181.535,2.449,2.449,0,1,0,4.85.49,0.565,0.565,0,0,1,1.13,0,3.58,3.58,0,0,1-7.127.476,4.761,4.761,0,0,1-2.482.69,0.564,0.564,0,0,1-.251-0.059,2.381,2.381,0,0,0-.389,1.3,2.443,2.443,0,0,0,1.991,2.4,0.565,0.565,0,0,1,.455.482,3.646,3.646,0,0,0,4.816,2.97,0.566,0.566,0,0,1,.72.35,2.443,2.443,0,0,0,4.756-.786V19.513Z"/>
  <path id="Forma_1_copy_7" data-name="Forma 1 copy 7" class="cls-3" d="M18.432,37.733A3.562,3.562,0,0,1,12.3,37.4a4.777,4.777,0,0,1-5.733-3.651,3.572,3.572,0,0,1-2.522-3.408,3.471,3.471,0,0,1,.324-1.467,4.766,4.766,0,0,1-.86-8.729,2.939,2.939,0,0,1,.218-1.889A5.3,5.3,0,0,1,2.843,15.3a5.375,5.375,0,0,1,2.432-4.492,2.574,2.574,0,0,1-.02-0.319A2.966,2.966,0,0,1,6.461,8.118c0-.01,0-0.021,0-0.031a4.788,4.788,0,0,1,3.561-4.615,4.783,4.783,0,0,1,8.41-.12v34.38Zm-0.514-18.22a3.055,3.055,0,0,0-4.757-2.526,0.566,0.566,0,0,1-.692-0.046,1.841,1.841,0,0,0-1.221-.472,0.564,0.564,0,1,1,0-1.127,2.955,2.955,0,0,1,1.635.5,4.189,4.189,0,0,1,5.035.826V5.681a3.655,3.655,0,0,0-6.989-1.49,0.565,0.565,0,0,1-.4.322A3.656,3.656,0,0,0,7.592,8.087c0,0.089.007,0.182,0.015,0.282a0.563,0.563,0,0,1-.283.533A1.823,1.823,0,0,0,6.4,10.248a5.4,5.4,0,0,1,5.873,1.5,0.565,0.565,0,0,1-.848.746,4.267,4.267,0,0,0-5.24-.918l-0.01.006a4.249,4.249,0,0,0-2.2,3.72,4.2,4.2,0,0,0,.874,2.569,0.563,0.563,0,0,1,.026.647,1.819,1.819,0,0,0-.154,1.7,0.563,0.563,0,0,1-.3.737,3.641,3.641,0,0,0,.924,6.976,0.566,0.566,0,0,1,.239.091,0.56,0.56,0,0,1,.243-0.055,3.634,3.634,0,0,0,2.611-1.095,0.567,0.567,0,0,1,.8-0.008c0.013,0.014.026,0.027,0.038,0.041a0.562,0.562,0,0,1,.181.535,2.449,2.449,0,1,0,4.85.49,0.565,0.565,0,0,1,1.13,0,3.58,3.58,0,0,1-7.127.476,4.761,4.761,0,0,1-2.482.69,0.564,0.564,0,0,1-.251-0.059,2.381,2.381,0,0,0-.389,1.3,2.443,2.443,0,0,0,1.991,2.4,0.565,0.565,0,0,1,.455.482,3.646,3.646,0,0,0,4.816,2.97,0.566,0.566,0,0,1,.72.35,2.443,2.443,0,0,0,4.756-.786V19.513Z"/>
  <path id="Forma_1_copy_8" data-name="Forma 1 copy 8" class="cls-3" d="M18.432,37.733A3.562,3.562,0,0,1,12.3,37.4a4.777,4.777,0,0,1-5.733-3.651,3.572,3.572,0,0,1-2.522-3.408,3.471,3.471,0,0,1,.324-1.467,4.766,4.766,0,0,1-.86-8.729,2.939,2.939,0,0,1,.218-1.889A5.3,5.3,0,0,1,2.843,15.3a5.375,5.375,0,0,1,2.432-4.492,2.574,2.574,0,0,1-.02-0.319A2.966,2.966,0,0,1,6.461,8.118c0-.01,0-0.021,0-0.031a4.788,4.788,0,0,1,3.561-4.615,4.783,4.783,0,0,1,8.41-.12v34.38Zm-0.514-18.22a3.055,3.055,0,0,0-4.757-2.526,0.566,0.566,0,0,1-.692-0.046,1.841,1.841,0,0,0-1.221-.472,0.564,0.564,0,1,1,0-1.127,2.955,2.955,0,0,1,1.635.5,4.189,4.189,0,0,1,5.035.826V5.681a3.655,3.655,0,0,0-6.989-1.49,0.565,0.565,0,0,1-.4.322A3.656,3.656,0,0,0,7.592,8.087c0,0.089.007,0.182,0.015,0.282a0.563,0.563,0,0,1-.283.533A1.823,1.823,0,0,0,6.4,10.248a5.4,5.4,0,0,1,5.873,1.5,0.565,0.565,0,0,1-.848.746,4.267,4.267,0,0,0-5.24-.918l-0.01.006a4.249,4.249,0,0,0-2.2,3.72,4.2,4.2,0,0,0,.874,2.569,0.563,0.563,0,0,1,.026.647,1.819,1.819,0,0,0-.154,1.7,0.563,0.563,0,0,1-.3.737,3.641,3.641,0,0,0,.924,6.976,0.566,0.566,0,0,1,.239.091,0.56,0.56,0,0,1,.243-0.055,3.634,3.634,0,0,0,2.611-1.095,0.567,0.567,0,0,1,.8-0.008c0.013,0.014.026,0.027,0.038,0.041a0.562,0.562,0,0,1,.181.535,2.449,2.449,0,1,0,4.85.49,0.565,0.565,0,0,1,1.13,0,3.58,3.58,0,0,1-7.127.476,4.761,4.761,0,0,1-2.482.69,0.564,0.564,0,0,1-.251-0.059,2.381,2.381,0,0,0-.389,1.3,2.443,2.443,0,0,0,1.991,2.4,0.565,0.565,0,0,1,.455.482,3.646,3.646,0,0,0,4.816,2.97,0.566,0.566,0,0,1,.72.35,2.443,2.443,0,0,0,4.756-.786V19.513Z"/>
  <path id="Forma_1_copy_9" data-name="Forma 1 copy 9" class="cls-3" d="M18.432,37.733A3.562,3.562,0,0,1,12.3,37.4a4.777,4.777,0,0,1-5.733-3.651,3.572,3.572,0,0,1-2.522-3.408,3.471,3.471,0,0,1,.324-1.467,4.766,4.766,0,0,1-.86-8.729,2.939,2.939,0,0,1,.218-1.889A5.3,5.3,0,0,1,2.843,15.3a5.375,5.375,0,0,1,2.432-4.492,2.574,2.574,0,0,1-.02-0.319A2.966,2.966,0,0,1,6.461,8.118c0-.01,0-0.021,0-0.031a4.788,4.788,0,0,1,3.561-4.615,4.783,4.783,0,0,1,8.41-.12v34.38Zm-0.514-18.22a3.055,3.055,0,0,0-4.757-2.526,0.566,0.566,0,0,1-.692-0.046,1.841,1.841,0,0,0-1.221-.472,0.564,0.564,0,1,1,0-1.127,2.955,2.955,0,0,1,1.635.5,4.189,4.189,0,0,1,5.035.826V5.681a3.655,3.655,0,0,0-6.989-1.49,0.565,0.565,0,0,1-.4.322A3.656,3.656,0,0,0,7.592,8.087c0,0.089.007,0.182,0.015,0.282a0.563,0.563,0,0,1-.283.533A1.823,1.823,0,0,0,6.4,10.248a5.4,5.4,0,0,1,5.873,1.5,0.565,0.565,0,0,1-.848.746,4.267,4.267,0,0,0-5.24-.918l-0.01.006a4.249,4.249,0,0,0-2.2,3.72,4.2,4.2,0,0,0,.874,2.569,0.563,0.563,0,0,1,.026.647,1.819,1.819,0,0,0-.154,1.7,0.563,0.563,0,0,1-.3.737,3.641,3.641,0,0,0,.924,6.976,0.566,0.566,0,0,1,.239.091,0.56,0.56,0,0,1,.243-0.055,3.634,3.634,0,0,0,2.611-1.095,0.567,0.567,0,0,1,.8-0.008c0.013,0.014.026,0.027,0.038,0.041a0.562,0.562,0,0,1,.181.535,2.449,2.449,0,1,0,4.85.49,0.565,0.565,0,0,1,1.13,0,3.58,3.58,0,0,1-7.127.476,4.761,4.761,0,0,1-2.482.69,0.564,0.564,0,0,1-.251-0.059,2.381,2.381,0,0,0-.389,1.3,2.443,2.443,0,0,0,1.991,2.4,0.565,0.565,0,0,1,.455.482,3.646,3.646,0,0,0,4.816,2.97,0.566,0.566,0,0,1,.72.35,2.443,2.443,0,0,0,4.756-.786V19.513Z"/>
  <path id="Forma_1_copy_10" data-name="Forma 1 copy 10" class="cls-3" d="M18.432,37.733A3.562,3.562,0,0,1,12.3,37.4a4.777,4.777,0,0,1-5.733-3.651,3.572,3.572,0,0,1-2.522-3.408,3.471,3.471,0,0,1,.324-1.467,4.766,4.766,0,0,1-.86-8.729,2.939,2.939,0,0,1,.218-1.889A5.3,5.3,0,0,1,2.843,15.3a5.375,5.375,0,0,1,2.432-4.492,2.574,2.574,0,0,1-.02-0.319A2.966,2.966,0,0,1,6.461,8.118c0-.01,0-0.021,0-0.031a4.788,4.788,0,0,1,3.561-4.615,4.783,4.783,0,0,1,8.41-.12v34.38Zm-0.514-18.22a3.055,3.055,0,0,0-4.757-2.526,0.566,0.566,0,0,1-.692-0.046,1.841,1.841,0,0,0-1.221-.472,0.564,0.564,0,1,1,0-1.127,2.955,2.955,0,0,1,1.635.5,4.189,4.189,0,0,1,5.035.826V5.681a3.655,3.655,0,0,0-6.989-1.49,0.565,0.565,0,0,1-.4.322A3.656,3.656,0,0,0,7.592,8.087c0,0.089.007,0.182,0.015,0.282a0.563,0.563,0,0,1-.283.533A1.823,1.823,0,0,0,6.4,10.248a5.4,5.4,0,0,1,5.873,1.5,0.565,0.565,0,0,1-.848.746,4.267,4.267,0,0,0-5.24-.918l-0.01.006a4.249,4.249,0,0,0-2.2,3.72,4.2,4.2,0,0,0,.874,2.569,0.563,0.563,0,0,1,.026.647,1.819,1.819,0,0,0-.154,1.7,0.563,0.563,0,0,1-.3.737,3.641,3.641,0,0,0,.924,6.976,0.566,0.566,0,0,1,.239.091,0.56,0.56,0,0,1,.243-0.055,3.634,3.634,0,0,0,2.611-1.095,0.567,0.567,0,0,1,.8-0.008c0.013,0.014.026,0.027,0.038,0.041a0.562,0.562,0,0,1,.181.535,2.449,2.449,0,1,0,4.85.49,0.565,0.565,0,0,1,1.13,0,3.58,3.58,0,0,1-7.127.476,4.761,4.761,0,0,1-2.482.69,0.564,0.564,0,0,1-.251-0.059,2.381,2.381,0,0,0-.389,1.3,2.443,2.443,0,0,0,1.991,2.4,0.565,0.565,0,0,1,.455.482,3.646,3.646,0,0,0,4.816,2.97,0.566,0.566,0,0,1,.72.35,2.443,2.443,0,0,0,4.756-.786V19.513Z"/>
  <path id="Forma_1_copy_4" data-name="Forma 1 copy 4" class="cls-3" d="M19.466,36.733a3.562,3.562,0,0,1-6.127-.337,4.777,4.777,0,0,1-5.733-3.651,3.572,3.572,0,0,1-2.522-3.408,3.471,3.471,0,0,1,.324-1.467,4.766,4.766,0,0,1-.86-8.729,2.939,2.939,0,0,1,.218-1.889A5.3,5.3,0,0,1,3.878,14.3,5.375,5.375,0,0,1,6.31,9.811a2.573,2.573,0,0,1-.02-0.319A2.966,2.966,0,0,1,7.5,7.118c0-.01,0-0.021,0-0.031a4.788,4.788,0,0,1,3.561-4.615,4.783,4.783,0,0,1,8.409-.12v34.38Zm-0.514-18.22a3.055,3.055,0,0,0-4.757-2.526,0.566,0.566,0,0,1-.692-0.046,1.841,1.841,0,0,0-1.221-.472,0.564,0.564,0,1,1,0-1.127,2.955,2.955,0,0,1,1.635.5,4.189,4.189,0,0,1,5.035.826V4.681a3.655,3.655,0,0,0-6.989-1.49,0.565,0.565,0,0,1-.4.322A3.656,3.656,0,0,0,8.626,7.087c0,0.089.007,0.182,0.015,0.282a0.563,0.563,0,0,1-.283.533,1.823,1.823,0,0,0-.921,1.347,5.4,5.4,0,0,1,5.873,1.5,0.565,0.565,0,0,1-.848.746,4.267,4.267,0,0,0-5.24-.918l-0.01.006a4.249,4.249,0,0,0-2.2,3.72,4.2,4.2,0,0,0,.874,2.569,0.563,0.563,0,0,1,.026.647,1.819,1.819,0,0,0-.154,1.7,0.563,0.563,0,0,1-.3.737,3.641,3.641,0,0,0,.924,6.976,0.566,0.566,0,0,1,.239.091,0.56,0.56,0,0,1,.243-0.055,3.634,3.634,0,0,0,2.611-1.095,0.567,0.567,0,0,1,.8-0.008c0.013,0.014.026,0.027,0.038,0.041a0.562,0.562,0,0,1,.181.535,2.449,2.449,0,1,0,4.85.49,0.565,0.565,0,0,1,1.13,0,3.58,3.58,0,0,1-7.127.476,4.761,4.761,0,0,1-2.482.69A0.564,0.564,0,0,1,6.6,28.038a2.381,2.381,0,0,0-.389,1.3,2.443,2.443,0,0,0,1.991,2.4,0.565,0.565,0,0,1,.455.482,3.646,3.646,0,0,0,4.816,2.97,0.566,0.566,0,0,1,.72.35,2.443,2.443,0,0,0,4.756-.786V18.513Z"/>
</svg>
